# Onda Corporation
# Hydrophone Calibration Data
# 
Calibration_DATE	10-Jun-2024
# 
# Hydrophone description
HYD_MFG	Onda
HYD_MODEL	HGL
HYD_APERTURE_NOM_UM	0400
HYD_SN	1037
HYD_POLARITY	Positive
# 
# External preamplifier description
AMP_MFG	NONE
AMP_MODEL	NONE
AMP_SN	NONE
AMP_GAIN_NOM_DB	NONE
AMP_BW_MHZ	NONE
AMP_OUTPUT_IMP_NOM_OHMS	NONE
# 
# Cable/adaptor between hydrophone and preamplifier
CA_BWT_HYD_AMP	NONE 
# 
# Environment
ELECTRICAL_LOAD	OpenCircuit
WATER_TEMP_DEGC	23.5
WATER_RESISTIVITY_MOHMS-CM	5.0
#
# Calibration data
# Freq(MHz) Sens(dB re. 1V/uPa) Sens(V/Pa) Sens(V^2cm^2/W) Cap(pF)
#
DATA_FIELDS	5
DATA_FIELD	FREQ_MHz
DATA_FIELD	SENS_DB
DATA_FIELD	SENS_VPERPA
DATA_FIELD	SENS_V2CM2PERW
DATA_FIELD	CAP_PF
# End of file header
HEADER_END	0
 1.000	 -253.76	  2.051E-007	6.307E-004	     12.700
 1.050	 -253.76	  2.051E-007	6.309E-004	     12.683
 1.100	 -254.04	  1.985E-007	5.913E-004	     12.666
 1.150	 -254.03	  1.988E-007	5.929E-004	     12.649
 1.200	 -253.67	  2.073E-007	6.444E-004	     12.632
 1.250	 -253.35	  2.149E-007	6.929E-004	     12.615
 1.300	 -253.33	  2.154E-007	6.961E-004	     12.599
 1.350	 -253.54	  2.103E-007	6.631E-004	     12.582
 1.400	 -253.72	  2.061E-007	6.371E-004	     12.566
 1.450	 -253.97	  2.003E-007	6.017E-004	     12.550
 1.500	 -254.15	  1.961E-007	5.767E-004	     12.534
 1.550	 -254.41	  1.904E-007	5.436E-004	     12.519
 1.600	 -254.43	  1.898E-007	5.404E-004	     12.503
 1.650	 -254.32	  1.923E-007	5.545E-004	     12.488
 1.700	 -254.33	  1.921E-007	5.536E-004	     12.472
 1.750	 -254.45	  1.895E-007	5.386E-004	     12.457
 1.800	 -254.65	  1.851E-007	5.140E-004	     12.442
 1.850	 -254.76	  1.828E-007	5.012E-004	     12.427
 1.900	 -254.66	  1.849E-007	5.128E-004	     12.413
 1.950	 -254.56	  1.870E-007	5.248E-004	     12.398
 2.000	 -254.55	  1.873E-007	5.263E-004	     12.384
 2.050	 -254.53	  1.876E-007	5.281E-004	     12.369
 2.100	 -254.49	  1.886E-007	5.337E-004	     12.355
 2.150	 -254.28	  1.931E-007	5.594E-004	     12.341
 2.200	 -254.09	  1.974E-007	5.845E-004	     12.327
 2.250	 -253.94	  2.009E-007	6.056E-004	     12.314
 2.300	 -253.83	  2.034E-007	6.205E-004	     12.300
 2.350	 -253.76	  2.052E-007	6.317E-004	     12.287
 2.400	 -253.77	  2.049E-007	6.296E-004	     12.273
 2.450	 -253.86	  2.027E-007	6.161E-004	     12.260
 2.500	 -253.80	  2.042E-007	6.253E-004	     12.247
 2.550	 -253.72	  2.061E-007	6.369E-004	     12.234
 2.600	 -253.61	  2.088E-007	6.537E-004	     12.221
 2.650	 -253.52	  2.109E-007	6.669E-004	     12.208
 2.700	 -253.50	  2.113E-007	6.699E-004	     12.196
 2.750	 -253.49	  2.116E-007	6.719E-004	     12.183
 2.800	 -253.53	  2.105E-007	6.647E-004	     12.171
 2.850	 -253.61	  2.087E-007	6.535E-004	     12.159
 2.900	 -253.56	  2.099E-007	6.607E-004	     12.147
 2.950	 -253.61	  2.088E-007	6.537E-004	     12.135
 3.000	 -253.68	  2.071E-007	6.435E-004	     12.123
 3.050	 -253.71	  2.063E-007	6.382E-004	     12.111
 3.100	 -253.83	  2.034E-007	6.203E-004	     12.099
 3.150	 -253.89	  2.022E-007	6.131E-004	     12.088
 3.200	 -253.90	  2.017E-007	6.104E-004	     12.076
 3.250	 -253.94	  2.009E-007	6.055E-004	     12.065
 3.300	 -253.93	  2.011E-007	6.068E-004	     12.054
 3.350	 -253.98	  1.999E-007	5.995E-004	     12.043
 3.400	 -254.00	  1.995E-007	5.967E-004	     12.032
 3.450	 -254.00	  1.996E-007	5.975E-004	     12.021
 3.500	 -254.04	  1.986E-007	5.916E-004	     12.010
 3.550	 -254.05	  1.984E-007	5.906E-004	     11.999
 3.600	 -254.09	  1.976E-007	5.854E-004	     11.988
 3.650	 -254.19	  1.953E-007	5.719E-004	     11.978
 3.700	 -254.23	  1.944E-007	5.668E-004	     11.968
 3.750	 -254.28	  1.933E-007	5.603E-004	     11.957
 3.800	 -254.33	  1.921E-007	5.534E-004	     11.947
 3.850	 -254.31	  1.926E-007	5.563E-004	     11.937
 3.900	 -254.33	  1.921E-007	5.534E-004	     11.927
 3.950	 -254.33	  1.921E-007	5.533E-004	     11.917
 4.000	 -254.28	  1.932E-007	5.597E-004	     11.907
 4.050	 -254.34	  1.918E-007	5.516E-004	     11.897
 4.100	 -254.35	  1.917E-007	5.511E-004	     11.888
 4.150	 -254.34	  1.918E-007	5.520E-004	     11.878
 4.200	 -254.40	  1.905E-007	5.446E-004	     11.869
 4.250	 -254.34	  1.919E-007	5.526E-004	     11.859
 4.300	 -254.33	  1.922E-007	5.539E-004	     11.850
 4.350	 -254.32	  1.922E-007	5.542E-004	     11.841
 4.400	 -254.28	  1.932E-007	5.601E-004	     11.832
 4.450	 -254.26	  1.936E-007	5.620E-004	     11.823
 4.500	 -254.25	  1.939E-007	5.641E-004	     11.814
 4.550	 -254.21	  1.949E-007	5.696E-004	     11.805
 4.600	 -254.18	  1.954E-007	5.727E-004	     11.796
 4.650	 -254.15	  1.962E-007	5.775E-004	     11.787
 4.700	 -254.15	  1.960E-007	5.765E-004	     11.779
 4.750	 -254.21	  1.948E-007	5.694E-004	     11.770
 4.800	 -254.16	  1.959E-007	5.756E-004	     11.761
 4.850	 -254.19	  1.952E-007	5.713E-004	     11.753
 4.900	 -254.20	  1.949E-007	5.699E-004	     11.745
 4.950	 -254.20	  1.950E-007	5.702E-004	     11.736
 5.000	 -254.21	  1.948E-007	5.695E-004	     11.728
 5.050	 -254.17	  1.957E-007	5.743E-004	     11.720
 5.100	 -254.17	  1.957E-007	5.743E-004	     11.712
 5.150	 -254.21	  1.948E-007	5.695E-004	     11.704
 5.200	 -254.23	  1.942E-007	5.658E-004	     11.696
 5.250	 -254.22	  1.946E-007	5.681E-004	     11.688
 5.300	 -254.16	  1.958E-007	5.749E-004	     11.680
 5.350	 -254.10	  1.972E-007	5.832E-004	     11.673
 5.400	 -254.15	  1.962E-007	5.775E-004	     11.665
 5.450	 -254.17	  1.957E-007	5.743E-004	     11.657
 5.500	 -254.26	  1.936E-007	5.621E-004	     11.650
 5.550	 -254.43	  1.899E-007	5.411E-004	     11.642
 5.600	 -254.58	  1.866E-007	5.224E-004	     11.635
 5.650	 -254.80	  1.820E-007	4.969E-004	     11.628
 5.700	 -255.03	  1.771E-007	4.706E-004	     11.620
 5.750	 -255.34	  1.710E-007	4.385E-004	     11.613
 5.800	 -255.57	  1.665E-007	4.157E-004	     11.606
 5.850	 -255.75	  1.631E-007	3.991E-004	     11.599
 5.900	 -255.70	  1.641E-007	4.038E-004	     11.592
 5.950	 -255.50	  1.679E-007	4.230E-004	     11.585
 6.000	 -255.27	  1.725E-007	4.463E-004	     11.578
 6.050	 -254.97	  1.784E-007	4.773E-004	     11.571
 6.100	 -254.75	  1.831E-007	5.029E-004	     11.564
 6.150	 -254.52	  1.879E-007	5.297E-004	     11.557
 6.200	 -254.36	  1.914E-007	5.493E-004	     11.551
 6.250	 -254.28	  1.933E-007	5.602E-004	     11.544
 6.300	 -254.23	  1.944E-007	5.667E-004	     11.537
 6.350	 -254.21	  1.948E-007	5.690E-004	     11.531
 6.400	 -254.21	  1.947E-007	5.688E-004	     11.524
 6.450	 -254.16	  1.959E-007	5.759E-004	     11.518
 6.500	 -254.08	  1.976E-007	5.859E-004	     11.511
 6.550	 -254.05	  1.985E-007	5.909E-004	     11.505
 6.600	 -253.98	  2.000E-007	5.999E-004	     11.498
 6.650	 -254.00	  1.996E-007	5.974E-004	     11.492
 6.700	 -253.99	  1.997E-007	5.980E-004	     11.486
 6.750	 -253.96	  2.005E-007	6.033E-004	     11.480
 6.800	 -254.02	  1.990E-007	5.939E-004	     11.473
 6.850	 -254.04	  1.985E-007	5.913E-004	     11.467
 6.900	 -254.05	  1.983E-007	5.898E-004	     11.461
 6.950	 -254.08	  1.978E-007	5.867E-004	     11.455
 7.000	 -254.01	  1.993E-007	5.958E-004	     11.449
 7.050	 -253.99	  1.998E-007	5.985E-004	     11.443
 7.100	 -254.02	  1.990E-007	5.942E-004	     11.437
 7.150	 -254.01	  1.992E-007	5.952E-004	     11.431
 7.200	 -254.07	  1.980E-007	5.878E-004	     11.425
 7.250	 -254.05	  1.985E-007	5.910E-004	     11.420
 7.300	 -253.98	  2.000E-007	6.002E-004	     11.414
 7.350	 -253.96	  2.003E-007	6.020E-004	     11.408
 7.400	 -253.97	  2.002E-007	6.011E-004	     11.402
 7.450	 -254.00	  1.994E-007	5.966E-004	     11.397
 7.500	 -254.01	  1.994E-007	5.963E-004	     11.391
 7.550	 -253.96	  2.005E-007	6.029E-004	     11.385
 7.600	 -253.97	  2.001E-007	6.008E-004	     11.380
 7.650	 -254.00	  1.995E-007	5.967E-004	     11.374
 7.700	 -254.00	  1.996E-007	5.978E-004	     11.369
 7.750	 -254.00	  1.995E-007	5.969E-004	     11.363
 7.800	 -253.96	  2.005E-007	6.030E-004	     11.358
 7.850	 -253.90	  2.018E-007	6.107E-004	     11.352
 7.900	 -253.88	  2.022E-007	6.134E-004	     11.347
 7.950	 -253.85	  2.029E-007	6.176E-004	     11.342
 8.000	 -253.84	  2.032E-007	6.194E-004	     11.336
 8.050	 -253.82	  2.037E-007	6.224E-004	     11.331
 8.100	 -253.78	  2.046E-007	6.277E-004	     11.326
 8.150	 -253.79	  2.044E-007	6.264E-004	     11.320
 8.200	 -253.76	  2.051E-007	6.309E-004	     11.315
 8.250	 -253.74	  2.057E-007	6.345E-004	     11.310
 8.300	 -253.74	  2.055E-007	6.335E-004	     11.305
 8.350	 -253.70	  2.066E-007	6.406E-004	     11.299
 8.400	 -253.69	  2.068E-007	6.414E-004	     11.294
 8.450	 -253.71	  2.062E-007	6.377E-004	     11.289
 8.500	 -253.70	  2.066E-007	6.399E-004	     11.284
 8.550	 -253.72	  2.061E-007	6.373E-004	     11.279
 8.600	 -253.75	  2.052E-007	6.318E-004	     11.274
 8.650	 -253.77	  2.049E-007	6.295E-004	     11.269
 8.700	 -253.80	  2.041E-007	6.247E-004	     11.264
 8.750	 -253.79	  2.044E-007	6.266E-004	     11.259
 8.800	 -253.79	  2.045E-007	6.272E-004	     11.254
 8.850	 -253.80	  2.043E-007	6.259E-004	     11.249
 8.900	 -253.75	  2.054E-007	6.331E-004	     11.244
 8.950	 -253.73	  2.059E-007	6.358E-004	     11.239
 9.000	 -253.70	  2.065E-007	6.399E-004	     11.234
 9.050	 -253.66	  2.075E-007	6.460E-004	     11.229
 9.100	 -253.68	  2.070E-007	6.426E-004	     11.224
 9.150	 -253.66	  2.075E-007	6.460E-004	     11.219
 9.200	 -253.62	  2.085E-007	6.522E-004	     11.215
 9.250	 -253.65	  2.078E-007	6.479E-004	     11.210
 9.300	 -253.63	  2.082E-007	6.499E-004	     11.205
 9.350	 -253.60	  2.090E-007	6.555E-004	     11.200
 9.400	 -253.58	  2.094E-007	6.574E-004	     11.195
 9.450	 -253.54	  2.105E-007	6.645E-004	     11.191
 9.500	 -253.54	  2.103E-007	6.632E-004	     11.186
 9.550	 -253.57	  2.097E-007	6.598E-004	     11.181
 9.600	 -253.54	  2.103E-007	6.635E-004	     11.176
 9.650	 -253.58	  2.095E-007	6.583E-004	     11.172
 9.700	 -253.60	  2.089E-007	6.544E-004	     11.167
 9.750	 -253.59	  2.092E-007	6.567E-004	     11.162
 9.800	 -253.59	  2.092E-007	6.564E-004	     11.157
 9.850	 -253.57	  2.096E-007	6.588E-004	     11.153
 9.900	 -253.60	  2.090E-007	6.552E-004	     11.148
 9.950	 -253.63	  2.081E-007	6.496E-004	     11.143
10.000	 -253.63	  2.082E-007	6.503E-004	     11.139
10.050	 -253.64	  2.079E-007	6.482E-004	     11.134
10.100	 -253.61	  2.087E-007	6.535E-004	     11.129
10.150	 -253.58	  2.094E-007	6.577E-004	     11.125
10.200	 -253.59	  2.091E-007	6.557E-004	     11.120
10.250	 -253.60	  2.090E-007	6.553E-004	     11.116
10.300	 -253.63	  2.082E-007	6.502E-004	     11.111
10.350	 -253.72	  2.061E-007	6.371E-004	     11.106
10.400	 -253.73	  2.058E-007	6.355E-004	     11.102
10.450	 -253.72	  2.061E-007	6.371E-004	     11.097
10.500	 -253.73	  2.057E-007	6.350E-004	     11.093
10.550	 -253.70	  2.065E-007	6.397E-004	     11.088
10.600	 -253.69	  2.068E-007	6.412E-004	     11.084
10.650	 -253.67	  2.072E-007	6.437E-004	     11.079
10.700	 -253.68	  2.071E-007	6.432E-004	     11.074
10.750	 -253.69	  2.067E-007	6.410E-004	     11.070
10.800	 -253.62	  2.085E-007	6.519E-004	     11.065
10.850	 -253.58	  2.095E-007	6.583E-004	     11.061
10.900	 -253.59	  2.093E-007	6.568E-004	     11.056
10.950	 -253.60	  2.090E-007	6.550E-004	     11.052
11.000	 -253.56	  2.098E-007	6.601E-004	     11.047
11.050	 -253.56	  2.099E-007	6.611E-004	     11.043
11.100	 -253.58	  2.095E-007	6.582E-004	     11.038
11.150	 -253.54	  2.104E-007	6.643E-004	     11.034
11.200	 -253.52	  2.109E-007	6.670E-004	     11.029
11.250	 -253.53	  2.107E-007	6.658E-004	     11.025
11.300	 -253.58	  2.094E-007	6.580E-004	     11.020
11.350	 -253.59	  2.091E-007	6.556E-004	     11.016
11.400	 -253.58	  2.094E-007	6.578E-004	     11.011
11.450	 -253.53	  2.106E-007	6.652E-004	     11.007
11.500	 -253.53	  2.106E-007	6.651E-004	     11.002
11.550	 -253.49	  2.115E-007	6.709E-004	     10.998
11.600	 -253.39	  2.140E-007	6.870E-004	     10.993
11.650	 -253.36	  2.147E-007	6.915E-004	     10.989
11.700	 -253.40	  2.139E-007	6.862E-004	     10.984
11.750	 -253.33	  2.155E-007	6.966E-004	     10.980
11.800	 -253.35	  2.152E-007	6.944E-004	     10.975
11.850	 -253.29	  2.166E-007	7.034E-004	     10.971
11.900	 -253.22	  2.182E-007	7.145E-004	     10.967
11.950	 -253.24	  2.178E-007	7.116E-004	     10.962
12.000	 -253.22	  2.182E-007	7.143E-004	     10.958
12.050	 -253.21	  2.186E-007	7.170E-004	     10.953
12.100	 -253.21	  2.185E-007	7.160E-004	     10.949
12.150	 -253.22	  2.183E-007	7.146E-004	     10.944
12.200	 -253.22	  2.184E-007	7.152E-004	     10.940
12.250	 -253.20	  2.187E-007	7.175E-004	     10.935
12.300	 -253.21	  2.185E-007	7.163E-004	     10.931
12.350	 -253.22	  2.183E-007	7.146E-004	     10.926
12.400	 -253.24	  2.178E-007	7.113E-004	     10.922
12.450	 -253.20	  2.189E-007	7.186E-004	     10.918
12.500	 -253.20	  2.189E-007	7.185E-004	     10.913
12.550	 -253.17	  2.196E-007	7.231E-004	     10.909
12.600	 -253.17	  2.196E-007	7.233E-004	     10.904
12.650	 -253.20	  2.189E-007	7.185E-004	     10.900
12.700	 -253.11	  2.210E-007	7.328E-004	     10.895
12.750	 -253.13	  2.205E-007	7.292E-004	     10.891
12.800	 -253.17	  2.194E-007	7.223E-004	     10.887
12.850	 -253.10	  2.214E-007	7.352E-004	     10.882
12.900	 -253.21	  2.186E-007	7.167E-004	     10.878
12.950	 -253.16	  2.197E-007	7.241E-004	     10.873
13.000	 -253.18	  2.192E-007	7.207E-004	     10.869
13.050	 -253.15	  2.201E-007	7.264E-004	     10.864
13.100	 -253.25	  2.174E-007	7.090E-004	     10.860
13.150	 -253.25	  2.174E-007	7.092E-004	     10.856
13.200	 -253.30	  2.162E-007	7.008E-004	     10.851
13.250	 -253.32	  2.157E-007	6.976E-004	     10.847
13.300	 -253.29	  2.164E-007	7.025E-004	     10.842
13.350	 -253.21	  2.186E-007	7.166E-004	     10.838
13.400	 -253.15	  2.200E-007	7.262E-004	     10.834
13.450	 -253.14	  2.202E-007	7.274E-004	     10.829
13.500	 -253.13	  2.206E-007	7.300E-004	     10.825
13.550	 -253.11	  2.211E-007	7.332E-004	     10.820
13.600	 -253.15	  2.200E-007	7.262E-004	     10.816
13.650	 -253.18	  2.193E-007	7.211E-004	     10.812
13.700	 -253.22	  2.182E-007	7.143E-004	     10.807
13.750	 -253.26	  2.174E-007	7.086E-004	     10.803
13.800	 -253.24	  2.178E-007	7.113E-004	     10.798
13.850	 -253.21	  2.186E-007	7.168E-004	     10.794
13.900	 -253.29	  2.166E-007	7.039E-004	     10.790
13.950	 -253.29	  2.165E-007	7.031E-004	     10.785
14.000	 -253.26	  2.172E-007	7.075E-004	     10.781
14.050	 -253.26	  2.173E-007	7.086E-004	     10.777
14.100	 -253.33	  2.156E-007	6.975E-004	     10.772
14.150	 -253.47	  2.122E-007	6.752E-004	     10.768
14.200	 -253.53	  2.106E-007	6.656E-004	     10.764
14.250	 -253.44	  2.129E-007	6.801E-004	     10.759
14.300	 -253.32	  2.157E-007	6.977E-004	     10.755
14.350	 -253.24	  2.178E-007	7.119E-004	     10.751
14.400	 -253.17	  2.196E-007	7.234E-004	     10.746
14.450	 -253.09	  2.216E-007	7.367E-004	     10.742
14.500	 -253.16	  2.199E-007	7.252E-004	     10.738
14.550	 -253.22	  2.183E-007	7.146E-004	     10.733
14.600	 -253.11	  2.211E-007	7.332E-004	     10.729
14.650	 -253.01	  2.236E-007	7.501E-004	     10.725
14.700	 -252.94	  2.254E-007	7.621E-004	     10.720
14.750	 -252.90	  2.265E-007	7.692E-004	     10.716
14.800	 -252.85	  2.278E-007	7.783E-004	     10.712
14.850	 -252.80	  2.291E-007	7.876E-004	     10.708
14.900	 -252.80	  2.290E-007	7.865E-004	     10.703
14.950	 -252.84	  2.280E-007	7.796E-004	     10.699
15.000	 -252.98	  2.243E-007	7.549E-004	     10.695
15.050	 -253.11	  2.212E-007	7.336E-004	     10.691
15.100	 -253.08	  2.218E-007	7.383E-004	     10.686
15.150	 -253.06	  2.222E-007	7.409E-004	     10.682
15.200	 -253.12	  2.208E-007	7.315E-004	     10.678
15.250	 -253.06	  2.224E-007	7.416E-004	     10.674
15.300	 -252.93	  2.257E-007	7.642E-004	     10.670
15.350	 -252.90	  2.265E-007	7.696E-004	     10.665
15.400	 -252.69	  2.319E-007	8.066E-004	     10.661
15.450	 -252.84	  2.279E-007	7.794E-004	     10.657
15.500	 -253.20	  2.187E-007	7.175E-004	     10.653
15.550	 -253.34	  2.153E-007	6.956E-004	     10.649
15.600	 -253.20	  2.189E-007	7.186E-004	     10.645
15.650	 -253.49	  2.116E-007	6.716E-004	     10.641
15.700	 -253.57	  2.096E-007	6.587E-004	     10.637
15.750	 -253.23	  2.181E-007	7.133E-004	     10.633
15.800	 -253.00	  2.240E-007	7.523E-004	     10.629
15.850	 -252.87	  2.271E-007	7.738E-004	     10.625
15.900	 -252.89	  2.268E-007	7.713E-004	     10.621
15.950	 -253.16	  2.199E-007	7.254E-004	     10.617
16.000	 -253.16	  2.199E-007	7.253E-004	     10.613
16.050	 -252.75	  2.304E-007	7.963E-004	     10.609
16.100	 -252.70	  2.316E-007	8.047E-004	     10.605
16.150	 -252.72	  2.313E-007	8.024E-004	     10.601
16.200	 -252.75	  2.305E-007	7.968E-004	     10.597
16.250	 -252.88	  2.269E-007	7.726E-004	     10.593
16.300	 -252.81	  2.289E-007	7.862E-004	     10.589
16.350	 -252.68	  2.323E-007	8.091E-004	     10.585
16.400	 -252.61	  2.340E-007	8.216E-004	     10.581
16.450	 -252.53	  2.362E-007	8.371E-004	     10.577
16.500	 -252.50	  2.372E-007	8.441E-004	     10.574
16.550	 -252.40	  2.399E-007	8.632E-004	     10.570
16.600	 -252.36	  2.411E-007	8.716E-004	     10.566
16.650	 -252.37	  2.407E-007	8.690E-004	     10.562
16.700	 -252.46	  2.382E-007	8.511E-004	     10.559
16.750	 -252.38	  2.405E-007	8.673E-004	     10.555
16.800	 -252.40	  2.399E-007	8.635E-004	     10.551
16.850	 -252.43	  2.391E-007	8.572E-004	     10.548
16.900	 -252.50	  2.371E-007	8.430E-004	     10.544
16.950	 -252.52	  2.367E-007	8.402E-004	     10.541
17.000	 -252.57	  2.351E-007	8.291E-004	     10.537
17.050	 -252.49	  2.375E-007	8.461E-004	     10.533
17.100	 -252.36	  2.409E-007	8.704E-004	     10.530
17.150	 -252.41	  2.397E-007	8.617E-004	     10.526
17.200	 -252.30	  2.428E-007	8.842E-004	     10.523
17.250	 -252.37	  2.408E-007	8.696E-004	     10.520
17.300	 -252.45	  2.385E-007	8.530E-004	     10.516
17.350	 -252.39	  2.400E-007	8.642E-004	     10.513
17.400	 -252.33	  2.417E-007	8.764E-004	     10.510
17.450	 -252.34	  2.417E-007	8.761E-004	     10.506
17.500	 -252.32	  2.422E-007	8.797E-004	     10.503
17.550	 -252.34	  2.416E-007	8.753E-004	     10.500
17.600	 -252.34	  2.417E-007	8.760E-004	     10.496
17.650	 -252.30	  2.426E-007	8.831E-004	     10.493
17.700	 -252.39	  2.401E-007	8.645E-004	     10.490
17.750	 -252.41	  2.395E-007	8.606E-004	     10.487
17.800	 -252.46	  2.382E-007	8.509E-004	     10.484
17.850	 -252.36	  2.409E-007	8.702E-004	     10.481
17.900	 -252.27	  2.436E-007	8.901E-004	     10.478
17.950	 -252.19	  2.457E-007	9.058E-004	     10.475
18.000	 -252.16	  2.467E-007	9.126E-004	     10.472
18.050	 -252.17	  2.464E-007	9.108E-004	     10.469
18.100	 -252.20	  2.455E-007	9.043E-004	     10.466
18.150	 -252.43	  2.389E-007	8.564E-004	     10.464
18.200	 -252.59	  2.348E-007	8.269E-004	     10.461
18.250	 -252.55	  2.358E-007	8.341E-004	     10.458
18.300	 -252.49	  2.373E-007	8.450E-004	     10.455
18.350	 -252.66	  2.328E-007	8.126E-004	     10.453
18.400	 -252.86	  2.275E-007	7.766E-004	     10.450
18.450	 -252.76	  2.301E-007	7.939E-004	     10.448
18.500	 -252.49	  2.373E-007	8.448E-004	     10.445
18.550	 -252.35	  2.411E-007	8.723E-004	     10.443
18.600	 -252.30	  2.427E-007	8.834E-004	     10.440
18.650	 -252.27	  2.434E-007	8.890E-004	     10.438
18.700	 -252.24	  2.444E-007	8.957E-004	     10.436
18.750	 -252.20	  2.454E-007	9.030E-004	     10.433
18.800	 -252.25	  2.442E-007	8.942E-004	     10.431
18.850	 -252.51	  2.368E-007	8.414E-004	     10.429
18.900	 -252.70	  2.317E-007	8.054E-004	     10.427
18.950	 -252.72	  2.313E-007	8.027E-004	     10.425
19.000	 -252.65	  2.332E-007	8.157E-004	     10.423
19.050	 -252.72	  2.311E-007	8.014E-004	     10.421
19.100	 -252.60	  2.345E-007	8.251E-004	     10.419
19.150	 -252.38	  2.405E-007	8.675E-004	     10.417
19.200	 -252.34	  2.416E-007	8.756E-004	     10.416
19.250	 -252.38	  2.404E-007	8.666E-004	     10.414
19.300	 -252.47	  2.380E-007	8.499E-004	     10.412
19.350	 -252.53	  2.364E-007	8.381E-004	     10.411
19.400	 -252.50	  2.370E-007	8.426E-004	     10.409
19.450	 -252.44	  2.387E-007	8.548E-004	     10.407
19.500	 -252.48	  2.377E-007	8.476E-004	     10.406
19.550	 -252.53	  2.364E-007	8.386E-004	     10.405
19.600	 -252.53	  2.365E-007	8.387E-004	     10.403
19.650	 -252.41	  2.397E-007	8.618E-004	     10.402
19.700	 -252.30	  2.425E-007	8.824E-004	     10.401
19.750	 -252.33	  2.417E-007	8.762E-004	     10.400
19.800	 -252.39	  2.402E-007	8.655E-004	     10.399
19.850	 -252.44	  2.388E-007	8.555E-004	     10.398
19.900	 -252.51	  2.369E-007	8.421E-004	     10.397
19.950	 -252.58	  2.349E-007	8.279E-004	     10.397
20.000	 -252.66	  2.329E-007	8.138E-004	     10.397
